· 4⁶27
y >11311 1110131131 1330033. 30111100 101110, 1100311 331031133ἰ3 03111313 Λιι-
1111113, 3113300111, 3011113 6133311111, 30111113 01130 31111, 1131130330, 3
1103031311, 33 01113113. 33 1111113 1111031, 3011113 11111, 03 6133111113, 3311
11111033, 3 333301101011.. H yqfflmm, 01111111 31110 03113 00063 333 11311-
’11113331 333011, 3311 1110131131 maenum: 11111110 3011 3113333111 11110111,
3010, 3 30331133111, 10 11311010. Ceti 01100061, 0013 3333003110 631111,
1311113311 33631 m 113110 11101113 3031131313 (3) 33031300333 30303-
110111113311 333013-1131101110013. 171110 110 130111ίο11 1113110013 3011111 0101111,
1101103331, 3 11110 31 ΞΞΟ 1011031, 311013 63130 1133110113 31, 1101111311. Λο-
001111 061 3333303031, 0631133110.

93. Beue-mauu 113111 011110 0631131011, 030010 Rama. Η3311011330 mumma:

33301111 0060 1133311113 1113011111 1136011111, 010 (2 3310 30 61111111 (6) :)fl¹³¹¹¹’¹¹'¹‘¹”¹³⁰⁸¹⁰'

Ἰ), E
063113103031. 33 3101100 0331111, 010 06011011, 1113 0006311 3113 133- Πὲἓζιῖῗίθη.

11311113 mamm 10 0013 3031113 3113300011, 33 113031 1113 33033 113113-
0333. (3111113 13300113 cs& 1113113111 3 11311 1113 3111033 31131011, 11301110
1330031, 331, 0331111, 030111, 3113011 63113 1131130113. 33 1110110 33113-
111111, 033 11111 311033 3011311333 03031131 3 110111, 3031131113 ’0013 0300
3111011110 31 11311010, 1111 1110111011, 3333313 3011310. Α 31303113 0113 13110
0111, 0111313033, 113 03 1011110 3031 0331 6633111110 33111 m, 3111111, 111·
11010 1100113011, (3 ); 3 0111, 11111 301130 11011011, 1110111011 13110 301133 (1),
113 331110 110 30333013, 11031 1100 31113, 11311 31, 1100 31303110 0011, 0
30111031, (r). Λ1111113113 01111311 0110111, 010113; 33 01031 010311, nyn-
110 (11) 33 033133 11101113 3111031133 3 3300111 1131, 1111311 111011, 11 30
3111031 303011, 30311010 6031111333, 311313 1130303313 11111113 Βο301011010.
033 3113011331013, 3 301111ἱῖ1 3011111011 0330 301130, 110111, 1100 nm. 33-
303011. Α 3011310 31 001111, 1111111 311011, 6061, 3313 11131131 30 1111-
331131 muti». 1131, 61111313, 13110 113 311013 ι1111, (0) 111303,“1131101133
113110 01133011 301130. Α 33 1133131, 0111133311, (111), 11111 1101111011, (3),
63111, 33 30 63111, 31130111, 11311111, 3031101111 mm} 6060331 30113311 0330
611110, 311110 ῑ101130. Π 11111 6111011 11301110 6111131111, 301131, 311110 013·
3011,; 3 131, 1111101110 3011331111, 30 0133011. Α 311303 113113, 11111 03.
0611113011, 11101111 1110113, 1101111 63113 1133301111 1101113 m 06033111, 3011
60331131, 101113 3 1113113113 03031, 33 3111131113 1133111, 0300 133031, 333-

13 30111111, 0303 301133. 33 1111113 3311130111, 30111100 1111103110 000630,

,(3) ‘homa 113111, 3361111, 1101111113313-6η 001111 110 03111631οο3.-11.. 1111013111-
naeu 111111, doemon: pynon—uu, 61100311,; &oenum-aq 1101106113. 1111111113.-
0., 110 0331111110, 110 03311311, -111., 311.131’3.-3., 1131331011», aaron· upmonom„

98

