309

11330001133010 11113311 31111 0011 0111111331. 33 t1'1'0 33111 031 311011 30-
31133331 1111303111, 3311011031, 11031111 63130 111063 303113311, 31133333
0011; ’360 31 030111 1133011030111 3113300133 013311 311011, 1101031 031
03331 na 300 30031111.

[3. 1501313. 1111130011 30 31 0330 31101111 31133011 3011111 311311 11311 Moe 1113331110,

’ 0330131 1130311311 3311333011 noim, 3311031; 30 1133311111 33011 11333111ᾹΟἚἙᾝᾬΒΚᾝΗ,
“ 11335013, 33 6131111 3011 1110133 61111 1111301311 010 1106110111. 0113 33113
Bora 3011111 1133001011 0133 30611013, 113111, 30300103311131 31 0ἰο 3110-
1311 0011 3333 cim 1106py npmlnny 333 1113111, 3 33333133 cilo 1106py
30310 3 ,1333331οε 113 1113330111, 3330133311 030, ι1110 3333330 3113010311
110 033311 010 Bora Beemorymeroz 3 31, 331303 30010330013 (ε 31110
Bon, 0011 33303331 31 cem, Epaneffrssy 61111 0303131 Η311110133-
301311), 3 31, 333103 33 30 30010 33110113 Pycnoro 3 (330301103010
06111011Υ 633310110οΤ3 .

4. Χο110111, 1103310, 3333011330 330011 (3) 3011303300 11 303300 uam, 0611111031,
31100 031101ορ311οε 11οο 1131101111 31101111330 61111 0611113οΜ1. ’ Χο30111 Ἀθηωοόοωωω·
30330131 01331 3 1111111 310303 3311 0303063111 0306033313 13110 33 3011
6113111» 030331 1311061οΜ1 3· 01330111 33303031311. ,4130331131 11103οΜ1
1103031, 0306033311 1130113311 3 1131131311. Βο33110111 3311, 33 61131111,

30 0303111 3031011331, 333311 313111 31111311 333013 3 0306033311, 3
331111 30310313 3333033311; 330 3331, 31 Ε311033 06113110 61111 00130
1113313133. Ᾱ3011330111 101110, 3 3011110111 61131111 1111301οἴ131111 03060-
33311. 1100333330131, 3311030111, 3 110Μο013330111 30 11133οΧ1, 11 101113-
3031 ms ymaex‘b, 6y11yT‘b 3330013 3331111, 1330 33 306110 33303031311 ·
61111 6131111» 110133. Ε33010 11111111οε 1311 00110 330030111133 3 1133013333
3330300133ἰο 1133311111 31133001031, ΤΡο110011010, ΦΡ333Ῡ311010, Χ30333·
011010, Η11130111101-0, summm: 11 11011 11013311 30611111, 3 3113300131 33-
31011] 10331111 3 3330631111 61111 0113311031ε 11111 33131 11030111 3103110
3033103311.

5. Α3313 3331, 3011330 30130 011 10 300 31 31110 33303011, 3 3ο Tpe6a nepum,
cnoemy nonuy upmlem: 111063 0011 33 0611111111 00331031 11331111100131 ”mss‘ffss‘iffl
3 311031113οΜ1, 00303311ἰο 06111010 306113ι 333111 031111 301113, 3011 m,
15031ἰο3 033311, 3 30 30010 3311033 1130111303110, 3031011111 3130333110 ( 6 )

n notu-enim 3113010111. Π 33 13303110 33110311 300133033131ε 303
611111 nam, 30 1011110 0633331111 (3) 11011 1131100111, 30 30013313111010

3113300133 0601033130011 (r) yqfflme 61133 3011011111 (11) n 3113-

3) ’'ammomum-6„ npezmxe 6113οε «3031011111ιί10».-3., mammam. 11313311-
num 3110111110 611301 «3110301131113».-1“., 1301130011». 3110330011».-α., 00013111-
01110330 000333113311, 0110006311.

