 

2›-2·÷1··<«,2„.4 .,

0011110113 1130033133.. 207

0113131011, 3 11133111110011, 3113113313 113 3106110331ιί0 (3), 3 3330011333

1131131333ἰο (6). Πο1111331011, 01, 61311, 0330110333, 110 61311111, 131101113ε

’3 300333131011, nouom„ fluo 13110 1111111 (11) 3113111011, 113 Pycn Boa-

Toqum 1130113113. - A 3311331113 333 Ρ3110113 3301131111 y ,ΙΙΑ110111ε 33

’ 1111113133 0130331011, 3 1133131111111011, 0633011, (Γ) 1131113111,’011110110110111,;

3 33 1111111133 3111, 11011101111131011. A 31101111 (3) 33 31111333 11330133311
110 3011311111, 1063300, 11311111 1133001331,ιο romu: 3311 110 6031, 3311031133ς
110 1110 11013130 3061311, 3110130313, 3330111133ωο 01103 11111113, 3 33113310
111111Ψο 1133001331, 11311 03, 0101333310 111, Pam„ Assa 11333 'roro 03,
30331131311 Λ1010110113113 Η3311311011311 0110013 n 33 10 11131111 110 1111030·
1111331011, 131101113111, 3330011333.

6. 11031, 3113333010 101110331113 31131103111, 11301, ”’311011031111113 111131111111111111111
1111311300 1601110οΤ110. Y ι11131031, 1111111113, (3110113, 0111133313 11 mnam, ἪΙΓΓἛΒᾟᾚᾏ
1100 ῐ110 1311 0011, 63313, 0633333111, (0 ). Τ11 111, 6033113110 01100 1011-

611113 (111) 33131011, 3. 1103113111, 113311οω0111 111131131011, (3 ); 03311130
1111313 1011133001113, 3 110011311111,’3 0001111130 (11) 11111133 33 31101133-
113 (1), 3 *0130113130 1130110113 (11), 001311331011, 113110111330111. — A
331101, 113 Pycn (10311031, 1131101111, 11331113 z) 11111111, 1111011, 11331111, 311
0313111311, 061, 1131100031, 6013101111; 110 1103311 0011, 6113333 31101311 1111-
111013. 13011110 cero 1131101113 63310, 11 11001, 0011, 3011311 111111, 11 033013,
33011033111011103311 333 1101113 1131100311, 11311 11113 11301, 1333331331,

6033133313 3311331011.

7. Πο31, 3130110111, 1311103011, 11 0111111061, 101110 1113013031011, 113111οΗ 061'13131011 n
‘10'12 01‘1111

3113111οε 1311 (1) 0611001111, 1111311001110,3011111,1111, 11111101101111331, 311331011, P0M001ss11h¹¹
0101133, 01113110, 3113111, (11), 3111113111 1101113. Α 11, 111, 1-1111103011113110311
110 Haywr‘b 33313111, 33110313110111,; 33 613111 (11) 13110 110 1111113 01111
eamn (0) 1101113011, 1106311333. Α 31113 01131011, 1103111110 06110113, 110611-
3111011, 3301, 1111311, 11011300113111, 1311103031 333 111131, 13110, 33 1100133
0113 00131011, 11131033, 3 33 1133111 310311 111, 1111111, 110 11011111, 311311, (n )
113 1011 1111110111, (11) yaneJlbessiii 01011οι13. 11111103 60 3033311011, 30

00611, 6131, 61111)1 (0) 11113111, 61333 11111103 1311111111 11311113, 01110 110 1111·

(a ) Balnearum—6„ (3113911111ἰῦ nyma] 111111111103111. 11oc.1’h.—n., 1110111110 01133313,
nomm-r.. macru—A„ 'Apama—e„ aunuum—211„ munomn—e„ nodbt-JytoTcss.
yuorpemmorzu—n„ 113 0011111331.-ἰ., npono.1o=11m.·-1.·.‚ 131313110133 110 tynam».-
«L, 13111, match-u„ nopoxffi.—-n.‚ 33613.-ο., ‘onum—11„ 1111111111, 110011111151113-
p„ uxum—0.. 1111111301111101011 ‚ Gyaro 613.

w*

