387

8. Α 0611, Ῐ1110111111611 n ¹·Iec'r11, 1100103110 03011311303101 3 0011, 0611111011136110113·
1101111, 1111113111 a 1133113110 y Ham, (Ξ110110111101111,; 1103 3331101110 (6) ‘'³¹¹¹‘' (8)·
6131130111, 0111, 110-11111, 6031, 113113 3311030111, 061133301113 (11). ss 33113111,

'fero 00061113 1131111111, (ἶ1101101101131111, 3333310301111, 30111111 11 30113330011,
0011, Η3110311111 [1110111111613 0611011311, 0111, 33011033113031.

9. Βοι»1101,.-Εο11, 1111 1111330111, 1101103110 Φ330001>01100 1111110, 111160 Φιωοεοψω nepa-
y‘leflie‘? 10111. 3011106311.

Χ111111011 -He 1131110 1101103110, 110 11 3110113 (r) 3011106110. Hau-

1111113 60 113011, 31011011 113 01111111 11110110113111, 1113110111, 1111, 1103333110 11011-
113131, 1101131110111, 3 0111111, 11013011 1101011011 61,1 1101131111 11011111, 0111011031,
61311, 0113011311 11 113 011110 1101111, 11101111 1113111111, m, 3031133110 111111101-
111,1,1 (11.) 33611131 3110 0110 0611, 101111, 11 1101111110 enom-{yma 111, 1133111
1, 11301 2, 113 11110111 78 (0). Aa 613 11,1 5011300 0113113111, 11011111,
3113110111, 113 01111111, qm 0011, 1111330113 303333001111 013110111110 (31)
1111010 611 31111, 33130111, 11011 13 110 6011111 311333 311110 33103333311, (3 ),
33 1110 0011, Bora, 0013011331, 3113110111, 113 01111111 3 33 1110 31111, 11331,
06113011, 113111, 3311011113. 1111111111, 11113113, 110 0060 1133 113113 11113110010111,
11 3311030311 110 111133001113 ,1113 11333 1111311001, 011, Bora 63111, 001110-
110113. Mamm 11113113, 011οο 111130 61113, 1011110 10030103313, 333031111310
11 1131111031οί1 11111311311,; 3 110 061, 331101130111, 11061111 110111, 3 110111, 0110116110
31101111313311. Mamm, 11113113, 0060 61311, 3001103011313113 1003011311133;
3 3050313333 113111101111111113 3113 1101111131111311113 (3), 11 1103 6111111111,
11011333 Bury 011, 1133113313 0110οΓ0 11110601111133110111, ( i) 11311313. Hans)
113111, 1101110311, 1106113, 3 Bory 11011113 3113113313, 11011311, (11) 0111, 011010,
'aiii 0110010 1130103313 3 11011111130013 03111, 110 31130113 Τ11 1131101113,
31110 1110 1106113 1111311111, 1100 110 11111111, 3 110 331, 1106113 00111133 1111·
11111. ,2100011111 611113 11011030 0611, 0101113111, 311033111111111, (11), 3311
11113110 330113113311111111, 1111311οΧ111 11111113 11 060 11011111, 1103 31130133, 11111101
3 Βο111111. 1111011131 3330111133 110 3113111111. Ti} 60 11011 110 11113111 6311111111,
0111, noxe-reti 3 33033113θί3, 11 0111, 0311110101 0110οΛ 3311030311. Π 1111111,
6031, cymmi 1101130 (11 ) 0330311110 613 61130 (1131100οι103οο 030113113Ηί11.

—-

(3 ) (3063103ευί0 anawanum—6„ 110010 aenum-n„ o6muyru, 060.11,1110111,1.-
1., 000011111011110.-Λ., 1311330311011.-0.. 01033 naen, 1131, ,ask-m 3·=·0, 113113. hro.
061, uyapoc’ru. 1131131113ψ3 2-10, 01100113 0-11..; 110 :misem 1111111010 113113τρ3ψ3 10-110,
11011031133111, 9-11. - m.. {munire-nmo. - 0., 1133011ου313. - u.. ynpanwtemmu. —-
i.. 1103110631,ιῆ 011101·ι,; 3331130330· (ι orniam, ».-1<., amaru—³„ aucoxomhpumx 1,.
1133313131, 006010.-11., nectua.

