337

'rpeT—ie, epamoqaxy 033010 Α110303311113ε 360 01113 010 0111313311)1 33 30101133,
’ 3 33 3010013311, 130331 mmm a 11310111, 010 30133301033311033311010 13011331.
Α31013 30010 10113 6331οῑ Α303033110111, 0011, 1131111, Boroxyaiem‘b 131131, 3
11013011 Βο13110 33 est. 3036111331. Τ330 113 , ain xomme Βο1300133
3001313113, 30 0301111 n 33033100133 0013 3331031. Το1113 60 113330,
- 301113 3333011330 Α303033110111, 3031113130 11333311, 030οΑ 033331, 6313133
00301131331, 0303 11313, 31, 34 1031 010 3133, 300113 Bon, 0301113,

’ Rati ΓΟ 80Τῦ amantium 121312 cinyra: Π ΠΟῙῐᾶΒᾶΔΙᾶ Bc‘BM‘h ,ΙΙῘΟΙΙΒΒῙἙ ,11Οῆῐῦ

0331111, 3110333111, 33033311οΒ1.
45. HJ, ceii 3031113303 63033 030110633 3333 0061133031, 0011, 63133 1131οτ113033-

yaymafla y Ρ3333111,, 3113 3311031, ΙΟ311311, 3 AssryCTy. Ρ331, 11131111Ἒ1Μξῖ Πῇζῖῗι

011, 030010 0031131113 311063133ωο 33 3113331113 31, 0224 roam: 31, 1031, anm.
31103031 311311033ωο 0011οΜ1, 31133031, 011031, 33 1111113131. 33 11131,
311033333313 011, 3113300130 31, 0631033330130, 0103310 Ρ3131, 31, 06-
31033311οΤ31 1113010 3110111113 10 0013, 011, 030010 0031131311, 110 3311033111,
3110130113, 33313 110 30113010 113113 10311313, 1133110 3 00301113030 700
1011031, 3 130013. Π 31, 10131, 3110111031, 10 0011, 301130 3311033111, 3110·
3031, 3001313131, 0011, Ρ3111, 3333313111, 03003. 0113331, 333 63310 061,
301111, 3110110303333 011, Ᾱ3311133ε 330 Ρ330300 3113300130 31113310 63111,
031133·Βο 3 0113311110ν 011, 3011111, 3133001031, 333 eyn, 63133 3113 6y-
11111, 33 031111. Το1113, 111131, (3), 0011, 63130 030 10030110130 303-
1130110 110 03003, 0030113103013, 3 011, Bora ce6³13 ccyffienbm nopm: 3
33 1131103331, 31103031, 1130 111330 110 011, 0011, 33 110311 13311330, 30
10330 30 ,03003 0113311 0011, 0103110, 011, 331333, 1111131, (3), Ioaiy-
31033 033033330133, 110 0303333111 113113 Κο01331333 (1313 31103000
0633011, 31, [[31131113111, ;), 0011, 010330 390 maome-Plan, 113111, 30·
11103 30130 0011, aynau: 330 Ρ3131, 3 ’110 1131103311, 3110130113 63130
1113010 0311311113 3 0333333. 110130 Τ1103, 3113 3310 110130 110οΑ11, Τ1103.
Anu 0113330130 Buprnfliymy 30011, 3 333131, 113033311οΜ1, 311011, 60130
110013 33 103 esuum: 30 0310 3110331313311, 3330 631111 Α31101030 31101311.
331, Τ1103 333033. ᾹΥΜ3ΧΥ 111 0631113333 (6 ): 0130 113111, Α311011, 30
1101031, 110013 3301303311, n 0333031, 61313, ame 673xy ero mem 011,
Ρο11133 311003333010 110110110311010 311333, 3 011, Β1133103010 331113
Ρ311103010 700 1011031, 1101033 30 3011113011 033311 3110631331οω010 33110113,
nauem: 30 01110 31, Tomy npnmnssaxy 3 Τ1103110300 mmm: 3 033031
630031, 3031111331. Roma 110 Γ11033, 300311 3003103113ἰὼ 11313 3131310-

(3) l'onopto3 1111013110 63130 3311110311οι « 1303310 11.-6., 06313313333, 3033311110
0331133313.

