46 133113301110 .

30311111 10111,; 360 631030 (3) 03113 116113 01111113 1103031111, 3 110 6310110
10113110 611313 Η133110111, 33 1111303113 (6) 1131131131 3 1113331 1333 6310110
3131, 3001133333.

(3) Βο110 (1) 110110330 0013 0301111310, 1100 ca· 333311, 11113 (11)
1130113 30333303010 111, 3333333110 11013331, (0) Μ30110 c». 11133011,
331, 13111313, 331, Ρ3163, 1133 133011331131111, arom: 331, οΡ1111031,; 331,
1103011010 0131101131 1131, 110110110111,; 331, 11033331. A H‘ssmubl 0111011, 311-
11110 1133310 3113 1313333110 [1111111 (; 33333311 y 113111 5101111111οη z) 3
331, 11οΑ 01113033 33010 (31) 1330113 33133331013. Α 111133 033 011οΡ0
poam-'12 0111313. anone 3 0111313 0013 0110110630 [111311 0311313333 3 110·
Ρο113 330303103313, 1030113, 1301113, 111, 1311011110 11011οῙ13101033 (3).

01131310113133, 9. ᾹΡο333 33110331 (1311131331, 0113331111, 1131111, (3) 3113 0110103331,

“0““’0“ἃ”’0”“”’013111, 111331111Υ; 3 Κ3111331113 1111001, 10310. Α 31, ΒΥ1οΡ01103 30131111 (i)
110111, 1311133031, 0011, 110110 1113110110, 3 33 30111, 11110330 110 11001011»,
113 110 10131, 11 31313 13130 ,1101111 110 1101113, 30 011333 011011, (m. 113·
0013. (30113331 1313031311, 3133111111 113113 Ᾱγ330113, 30131111 110 10111313,
30 1011110 011011, 11301113, 3 110οΜ111130 eyn, 60raTb1: 113 3031113 60
10113 1131, 0331113 110111, 31, 33313 01113331 03 3110113013 61133110 (R ) 013
13105133 3011033, 3 1311010 11033. ΤΡο63 631 3 31, 00131, 11311013)1 11Ρο-
31111313, 00113113 11111 1311033 1311013, 33133131, (11) 3113101113 11011, paa-
60113311031, 6033033113113 (11); 113631 013 1101113 31, 33111, 11οΡ31311,
013113 10333133, 3 1103301133, 33 Γο0110113Ρ3.

Η31311 11113 13331113Ρο11οῆ 3313111111, 31110 Γο0110111, 113011, 1303011313
3111, 0111313, 13010111, 631 (3) c». 3330013 y 33111, 0011 06313331 113 5
611111 (0) 31111011 1133 1111113, 31111311 01 3111103133 Pycmr, fipemn (3)
01331, 1003033001111113 13110310 y 0060. Το1110 33303313 3 31, Horafiuex'b,
31, ΜοΡ11313, 3 31, qepemneex'b3 3 11111 311013 13033 (p ) aaHOB'knaTb (0 ),
13130 33011313 nxz, 33 1331101 3 01301131333133 3311033331, (1) 1133311,
1131131. Μο11111 6310130 3 01, Η33Μ3111133 3011313 1111311313 0113111611( y): 113
6111111 13103γο13113 (Φ) 33313111, 111011οΜ1, 33013 10113110 (11) 0011, 3113
’131ογ33 011011,; 3 113 61111)1 (11) y 3303 631113 33110331 3333333333 (3 ).

 

(3) 1160 1331 obn—6„ xpacum—n„ 6031, 03001111 1101311111οΜ 113 1133130131, nouis
01ρ33111131.-1., veebum—4, 013003103330.-0., 111, npunpaurb nemu-m„ 13110-
1·0.-·3.’, 1103ρ31011033.-11., mmmm 11301631113113.-ί., 31, Βο31ρ111.-11., 0110110.-
J„ 11301631113311,.-13., 6030330331.--11., 13011, 631.-·ο., aman-n„ emmau, 1113111111
§monn—p„ 11111 uenam—c„ npmcaanb.-‘r.‚ nnuma—y„ yoaoniffi emb-¹85·-
ψ.. 113631 3011901333, nonnarum—x„ 01033110 ro, 3331101300 110.1ι1“100130.-11., 113-
631.-·1., uxuie 3330313333.

