402ss

rpam, (Pepapy, 1111010 Γ110301111) 1111310310, 30 30031 111013111 011) [la-
1111111333 300 3011131111) 31101111) 3111111). 1Ἰο 63130 60 111130 11311) 0110-
110630, 113113 31) 3110333133 3 131ρο331113 Γ11011003010 33110113 3330103333
33311) 31) 1333311010, 11 11113311) ι1031) 33100311, popm, 31) 1131103113 3
1103333313, 01113331. 33113111) 1010 33113 Ε3101113 31) 101111 1438, 11110-
11000 0060113, 11 333130 0330303031), 113 631111 1111331113 1131) 53331103 30
Φο113111. Α 0113030331 many 11 napa 00 3011133 11103113 333111 31) 00611

31) 53331101οε 11 110 30111313. 30011133111) (a) naum: 110 0101113313, my ’

3331130130, 11 3001333313. 011 33131133)1 Φο113303 V. A.11111Ess1·euffi 110
300111) ’101113 0013 3113 11333110131ι 11 3333 31) Γ11031113 0060111) 30 Φο-
1131111, 11113 1131111 11313010 (6) 1110113, 00301333 10 30 Φ11011033011. Α
Α111333113 Φο113301), 0111101333 1111300 31101111, 3330111110 (3)113113110130,
11 30311033 013 1531011110. Π 0011 0013631111) 11000111) 3003113313 1133110111)

31) Ρ3130303 0101131111.

3330113110 (r) 0110111) 01131111, 3110110331 113 0130111103ἰο (11) 10113011), 11 1133οΡ33313,
Οοέξέἓξὲρῗὼ 11 0063333011ε 1111113033 0013 1101333 (: 30 311111) 011) 110010 1131131τ), 113
011. 3333 063113οΤ1) 3-1) 33301111, 11 33 (3111313010. To eo'rh: 110 11333303
01101113 0111101331) 3111111330 11033, Κ31111333331 3011 1103 013 061111131011)
31) any, ecy‘rb 30333331 301113 (0) 31) 01130 3311330, 1106110 11301)-
meno cTauie (31).Πο10131) 1010 3301111 (3) 03010· 1111013 (1300 033
303111) Ηο31111331οε) 3311131131·οΑ 3330333131) 33110111) (n), 1330 113
113310 30 11013011) 31) 31110111) 31113 3031) 1101113. 0110113 3330113 03010
0111013011) 3 ῐ11133011) 1113110313 11113οΡ3331) (ἰ), 00 0303133 1301101113.
’1301311113 33131333110111) 011, 30113011) ι1031) 3030311313οο 03310. ῐ1031) 1100κ
110 13031011) ῐ1110311111) ι1110111313 33111111), 3313 3110311311). Α 1111333ἰο 030
311313 3330110130 3330113 3 30010 111333 0011) 3011111030 01311033101ιγ
Η330111133Υε 3 1111311331) 0111) (R) 0011) 1101103303Έ110331 113631 1111111)
1111113110 631113 0633130111) ( a), 3 0133033113 631 1113111 63133 603110-
ι1311110011) 31) 133030 1011301330 3 0111330130 opem. Ᾱ30033 031) 11113-
3331) 03. 3011133011) 3001113 0131111011 000611, 011) 3030311313 31130331)
33133031) 3110333310111) (1330303311), Tarm Η31111333331 1301131011) 01131111)
3311011131, 11033631 3 1111111) 10111), 11 11011130. 113310 1101101111 06011111) 113311.
Α 300133033030 0011), 113 0111) 6111013 1133010, 33 110010 c». cofissyT‘i,

(a) 1331301 «— 3003933313 ».-6., nue3annar0, neomrmaunara—n„ 0161100331).-
r.‚ 33 3330110131), ammona—11„ o'rnpameuie.—e., ooflaaum nomm—m„ 11111010-
npe6mnauie npssmeo yrnepmaennoe. 111» &difflatu—3„ nepa—n„ 01133010. -
1., 671110113οτρν3.-11., 11 ma aoamnocnn—ae„ ornpananeua.

