(11110300, qep-
300, Χ3313111·
(11100 110110.

14 1011030130 .

1110111οΜ1, 30111, 3311111 06113011, 30116313 [1313313031,Ποροοιη, ΤΥ1111031,;
0133333101οΑ 033 11 11111111, 611113 63111031, ( 3) 011, 111111, 3311011031, 110 11011111
113010 1111131113 (6) 11063113, 03110111, 303113. A 110 1133311331013, 113110
·· Η31111131 01111031, 110 3011633111. 30111, 03010 06113013 Pyoem 303113, 3
0113330130 1103111, 331631131011, 1133331133 Χ31110013113ε 3 11131, 33333110,
1110 31, 1103 1101131311, 0303111, 0111133333033, 1103 3131, 0111010111, 1131011,
1031103313 (3 ) 1111330111, 3 11333; 3 303110 001, 3011133 611310 303131131013.
A 1103 30 1011111013, 110 01, Γο030113ρό33 1113113 1113311113, 033 c». 1133·
11311, 3 3330131013, 11 33 31131111 1030111113 «1110 11011011, 110, 6031133330
3111163 11013, 113 3111111011, 113 Pych».

6. Α 3331 33313 1110113 30 11101111, 113 33 Rpoxy npeu‘lnmfl, (1),
33 31, ym, 3111313 3011310103 3033333010 (11) 10111033313ῑ 1031110 111310-
3311, 063 3011330111, 3331131111, 'rpysty' 3 01113110131113ε 3 1110 0013 3011130,
13011313 3011011130. A 30 030333310·13; 11110 113 3011311031] 1113111 (0)
111063 0013 311313 30 3011333113 1111111οΧ3. AM 1010 0111111013 111111, 13-
1103311111, 0631333131, (111) 1111331113, 110113οΜ1, (3) 11131 1133333313 3110·
30113313. 3003333313 1101131013,110311101)111 0011131 1003011311013Υ (3) 3113-
63113 333 3033333010 10111030133. To 0013, 01110 110 1111310111, 0111103010,

(3113333031,Ἷο113010, 3 Χ3311313011010 1110113,·3 1111113, 01133331, Βο1113 (i), Aona,

llum, Ε11131313,
1110011113 3 001.

Βο1113, Ε11131133 3 3331113, 1101113 631030 0311333313 1011103οΤ30 33
11111010 113οΥ111, 1310111113 3 11031, nami». 1)an 3110303333 631 10331131 013
3311011033 m. 3311011033; 3 11133 631 303310301130 (11) 0601311133 113333
10030331101133, 3 3003 33110113. Α 10 30 111113 3113333331,-

ROPblc'rn 113'1, BOJlbnlEro TOPPOBCTBA.

nmmumlzdmu' 1-0. Π11310111, (11) 00111013 33 Ep'rbnny 3113 6113110113 0301111, 1101113

1180039ῑί51.

6310110 013 Κ3111113111031, 0111010113 11063113 03 30 3113 01, 40 13101113 1101113 “
3011033131, 3 03113113 031110331111. Ηο1011313. 63101110 30113113 (m) 31, 6311·
33111, (3) 33003313 1330 1110 3113 03110110113011 00113. (33110 13011311,
Α1113113331ι 360 1101113 1111113 6313111013 1011011111 3 1111031133. ’33 ‘mm
1101113 6310Μο 0 3110333313 Η1111110113ῑ 3310 631 01, 3306113313 31113 30
Epmmy 33 110110 3 110 30110113; ‘a 11033 30110113 3311010 30 eyxy 031111,
110 1101111 Α11113310113011010. Α 1330 3113 30110311 31110 631 3111011130 631110

 

 

 

(a) Bymo 631 1331.-6., 11033331.-11., oupeameuumfi, 01011313331313 -r.. 0111133115,-
A.. onronar03 3111103 paaymizercfl—-no notak—e„ 6apmmam‘12.—m.‚ neap-haum, my-

1131313, 336.1)111111310111111303.-3., domuum—u„ 3111501, 1111333031, 3311110330 canam- ,

i.‚ 63130 3311110330 Βοκωὸῡι. nomm, 3aqep1my'ro.--1{., ne1÷3pe=1euno.--.1., mrim...-
u., 1103111331 631 num—u ‚ 111, 60113331».

