muro . 3

63, 11611313 6631, 3113113611 1111113. A 311661311, 6611, 111663 ι110 33116110-
’ 111;6; ,366 (3) 3316 16116 3110316111113, 10 1111, m y1111H11'r'b naposty‚
316 631 ,1111113113 1113113111, 6011333311, 13631 (6) 133111 0136113113ἷ11 116
33361113. Β63 1111633 631 11316313 3 3116111131, 631 1111611113. (33116 11 31,
33110113 1166 6131613166 c». 303611, 1111133 1161133 (3)τ) 613 11311013
33161613.

3. Β31131131116 1163131116; 33361131 3336333 6311610111Κί6 (1),> 11363-
366130 11 363110 361111111303336 (1) 3 36333661330 061313116Ηί6 (e)

301133333633, Π113313 3611313 muxeco 116 1161116311, 13631 310 16611 111111·
113113, 1616 1311111163)1 116 1111333». ’

Β31131133ἰ6.

lv. A 011, Δ36616 10111313 111161113166-111, 3 361113 113301163ἰ6 6613, [4110101113 τῠΡ·

336Ρο161106 16111633316, 10 6611, 3316 nii& 3113111, 311631613113 (111)336-
1161331111, 16111633631, 30 63063 1611313311 31166331313 3113 13313, 630131
3 61113131 1611111313ε 3 363111 36 ,36111111 1611103313. Τ1166 363111
111, 1613631 nopy namie 163311313311111331613ε 3336361136113636331, 113-
1101333631, nomm 11311111. 1331166111 311033331613, 116 1011116 33 16111011-
man, 116 3 30.«3.11313’16.111,611311’3 1331131111, umen: 3 3311013316 1133116
33116331 113331131613 3 36 61166 113631613316 1161366133316 33301131 113133
3311611, 3330111113· 11 33 611316366136 1111613113 6663331131613, 3 111, sty-
messflym 30136613 3’3301131’3; aa ι110 1166 3113110 611611, 111663 0131113
1313 1111611, 13616113. Ε111016 11113116, 3663113331111, 1336633131, 11 111363-
331111, 3311331633, 1163113033, 6113301333, 1316131111, 111 101110333166111,
1111311333- A 1101131613 611, 11311, 311613, 6311633 1111303111, 3013113633,
1166 131611, 1131116 ,11360 6613116111, . Honx'b 3613113631, 3111136131, ( 3 ) Hyffln
33 36 ι110 3031113131 360 6116113110 6113 6116610 611313 33111, 30131111613,
31, 166311, 13161113 1111311, 1611330 11331616 611313 1131, nami». 3611113 30111,
3311031313. Α 31, 1113130 (11) 31161111. 61631131011, 331, 1663613116133 (i)
61166 16331133 3 111113 1113101113 361311)1 13611111, 111, 1063013116131. Α
1011131333 1611103331 16113311, 31, 1131113 3116 3 166116; 3 116 331631131613
33336 636313 1611311633, ’1113 1111633131, 31111333. Α 6316 3 613
1616 31316 6613, 3136 111 3361161331 1011163331 36 611113 6333

63011 1663613113 (ἰ), 36 31131111, 6613133111, 161116311631, 611113 3,

0311333333 (11); 11336331 661111, 3611 Η111111131 1103 36 Pycn Toprymr'b.

(3) 1²16o.—6., 6613631.-11., “pona-r„ mononoaiffi—a„ ueymhpeuuoe.—-e.‚ orm-
ι16316..-111., 1611361313-3η ue turbemin—n.. 6111613631166, cnyauoe.—i., 63633
aru communen> 1111111611, nom, Tum-noum cyzm no ,apyruub cayqannae. uynmo ι13-

unt zocnodapb (36311311ῑή romaum), zocnodapcmeo (xoaniicnm mmmmm-no).—
x„ κοηυκεείοιιερω, 1611111161111316.

16111131.

