283

· . «013111, 13011 3331, 3313 3330133111, 1111331331οἤ 31131113. Π30 131 33113

163311 33303330, 011, 3113311111010 33333313 330310 01113; 3 331 13 xo-
3331, 33113313.» Ρο30331, 30333 flymy: 3 1330 1133131131 3131111313
3311331 11133333 30331033311 my: 113631 1333131331, 31033130, 11331, 631
’333 30611311, 11333, 3 1133111331, 631 3113113. A 3333331131 (3) 333011
3333331131, 3330331, 3 1311303311331, ro 3333313133, ( 6 ); ,13631 113133 (3 )
0613313331, 311333. 01331113 311113 15030331, monem: Pater meus impo-
suit uobis iugum graue: ego 31113111 maius pondus addam super iugum
uestrum. «Moti 013111, 3331, 3311, 3330131131, 13331031, apem: 3 331,
xo·1y 31113 31311111 1310111 3113633313 33 331113 apem.» Α33 310 3313 333
1010 1103313309 5011, 3311, 3033331, Axiw 1111011033 31, 6033113311 13110-
30331, -3 3330333331, my nam‘lmy yqlfflu'rb: 3 331, 333133333313 ΙᾸ3113·
33333331, 303333, 1133311, 303333 1111133 3311, 33333330, 3 0611333 (r)
cy'rb 33 1311030333 31, 311333, 3 33 1333 31, 3331, 3331111, 33 303113-
1333 11, Ᾱ333110303 31133 (11); 3 10330 11303 1103033313 (ι >Emonam
3 Β33133331131ῑ) 331111, 031333 33 Ρο3033031,. Τ330 3311, 4101113 Βο11,
33333333 (3030303030 3 Ρο3033030 3103033113130. Μ3010 1330331111, yao·
11031, (3) cs& 0611313311, 31, 333131, 3311033113, 1113 1111133333 3331131333
113 10330 ι13311, 3113333133, 30 3 333 11333 3113333133, 3 3311131130
311136333313 333331, 3 33113111 133331 31163133.
7. Α 311333 33 Pycn 33010 3333311313 (2 3 333311 33110111 033333 3 napa nnana

Tymno namma ι) 3313 1111331133 113113 Π3333 Β33113ἰ33333. Cefi 60 ΜΘΜΘΗΥ apam-

CTBO ΟΤΗᾼΤΟ, ss
113113 33 10330 63133 333031, 3 3311133331, 3103033113113, 30 10133 „naemmaoepm

31011, 3111111, 6336031331, 31333113 (az), 3011303031, (3), 3 3111131333.
33113113 1010, 330 Pouoamy 1111333 1311030333, 1330 1131110 Hssany 5011,
3311, 3036113331, 10333113 (3) 6033113113 50111133 Φ3011011031133 Γο11γ3033τ ’
3 3133131331, 33 011, 111331, 3313031, 331111, 013111, 3313 3113010 1163313
1111111011)1 3313 Bom, ym, 013333, 3 0111031331, 10 33311, 633103303333ε
3 111311310 3313 10333111, 333010 13011333. Π 1330 113113130 3313 01-
11330 011, 110113 113113 Hssana: 3 333010 1010 303333 3313 3331330.

8. Α 33 1333, 1103333313 (i) 113111, 13011331, Φ301101103333 113311, uapnBopnea
3031133331, 3331131ιί3, 30 11333 3033313331, 33301311313, 11 333303 310110- ἓξξῗρὲξηὲξξωκ
11311313οε 3 11311333 113 11131131 3311333 ( 3) 3111363333131, 3311101131,131,ῐυῐι111Ᾰῆ aarepro.
6331033ε 33113113 1010 my 3313 Βο11, 3036111331, 1031113113, 33 311333 113

(3) Μο30331113μ- 6., 9633333 erm-n.. 33011113, 31, maumam remmom-iro.—
r.. namnum—a.. amaya-e.. 0611333333-1κ, 31«13111131,.-3., 31103ουὶ3113, 311030-
133333111.-3., paenam, 101333313333313, 3333313333, 3033113333, cynpornnnmea.—
i., uocantem-R.. 3031111333, 3111011313

19*

