» 300

3 1111130131, 3 1110131, 3 0011331 30010 11311033, 33103311, 331, 3110333·

1010 Hopqemnoro CamoTepmifl. Ὠ
Eoum—Tm 03 311031, 0331, penem: Η30 1131 (1303031131 30 13».-

111οἰ1 ῑ13013 011, 1110130313 0030 11330311133331 (3) 3 11330100131131. Isia- ,
3101οᾸ. 3333, 330 110 333 11333 3011Ἶο33010 033010111313, 110 011, ypo-
1301113 11331010 33011, 33310 3110001133Οο 33330130.

Χ333011.-ΡΙο1333, 330 33313 310311 001113 1133031333331 3 113331 ’
01110311, 10013133] ((1). Α Β33113, Χ30331131, 3 Typssn, ecy'n, 1111111·
30331131 31, 1111131331, 3 31, nn'rim: 30 11131313 030010 63313 33 3130 ( 3 ),
3 0131031, 03. 110 13131013. A Η113331 110 1133031313οῊ, 11133 (1) 3 0113
030010 3130 (3 ); 333 31, 331110 1330 030110 3110οτ13311, 111111111 (3), .
3330 3 1131 (3303011333 3 y Β3311031, 3 Χ30333031, 0111133101οΑ Η11111131
63111, 3330 3333113331, 110130 1131. 33 1111113 1133313133 330 3 3011 11331010
11033 31033, 33 Ᾱγ1130113 3 311031, Ᾰ133031, (30111131, Χο1133131, Am
3 Pyem (0), 001111, 0333303010 1110130311 3 3011 3011111011, 1010 1133-
031330013 3 3311033313 0333010 (13). Α33 0311330130 11311, y Η11113033,
31111, y 15113011103033, 3313 00133333131, (3303033033, 11313 33311 131, 113
031111, 03110111, 03311313. ΡΥο313. 3011133331, 1131311 03. 30 3331111, 1330
0331103110 3133013οε 33 6111111 c». 30 1133113111, 31, 63311 1110330331 3333311
1111133 3 1301131, 13111033 3 3111031131, 3 33 (11131 1311013 011, 3331101113 ymn-
11333. Η31311 011. 110 311311, 103330 30303033331111, 31111033, 3 1330 1133-
333331111, 31111031, 3130113. Η111311 33311 03. 110 311311, 1330331 31103310331
3 133030 3113311333Ῑο 31, 1130011110; 110130 103110 1311 ca. 061111131011, 6³1³-
003033 Κ36333. 311003 (3), 13011300, Κ36333 3 ,6301103ἰο 1131133 3 311·
pyfi mn 6033033333οε 330 3 Βο33333 Pych 03. 11011011, 3113311311, 31, Μ3·
3010 3 31, 13113010 Pyemo, 3 110 613011, 03311 (n) munero 33 0331103·
1111010 33330133, 110130 0011, 03311 ( i ).

Bonna—Anum 3 31, Μ3301ῖ1 Pycn 31033 03. 13131013, 3 33133011, ,
c», (3) 133010 33330130. ”

ΧΕΡΒοῇ.-Πο13113, 611310 50111100, 330 3 13110 0011, 1111010 11111331
333 31131, 33130 33330130 0011, 333030 331110 3 0331103310 011, 131101311οΓ01
330 0011, 30303330 yma 333333030. Α 11331, 10 ( 3 ), 303 31033 31, 3331113
30113311, 03. 13131013, 033 031131111131313ε 3 333331033 3 0611100 3330-

(3) Ρ301011111033331.-6., 01, 01101010 1011103331011, 3110130313.-3., 1133113030,
110 unvamma—n, 1101330 emmau, novrum-11„ 3333303301 a money ».—e., 1111013 ·
30 63130 3311303110 3 aaqepxcuyro: « Ἶο1111».-13., 1111011130 63130 « 3013013110 1).-

3., 1333101313-3η emach—i„ τ31111,.--3., 1111011130 63130· «mazacam—s„ 0301111,
roro.

