299

110111, 3 31, 3111111, 3 611110 31, 303110011330 3330300133ἰοῑ 13110 113 ymo
300111 631 03. 1136331131, (3), 3 31101111113311, 631 03, 0111133111, 1110 110
’611 0631111331, (6) 111111, [1111111333 Η110011131, Ponam, Mmzofflafl'b,
-Homnflaniii 3 3310311313. CT, 'roro 11111013, 11031133110311 3131131011, (Β),
’ 11311 1131111 0613010 33110113, 11 030010 3011103111, 1101131011, 011101111, 331131.
3111013111, 33111, 3311113331 01, ῐ13111111, 3110133333 1101113 611111 3113311333113
11111111)1 n Bowiy rocw'rssy: 360 (ε 3110 01110 110111111ε) 1110113 0111, 11001313-0110111 naum-
331, n 1111113110 01, 110 611111. 3301113311 3111111, 113 631 (r) 3111, 1¹0011o-³‘¹¹¹3p1{³g{3⁵1¹,‘{2⁵¹ ¹¹³
113111, (11) 33111, 30 33110303 301111 11113313. 33 10 111 1131100111011331 00111,
73111333113311310, 0011133130. 3110110113κί0, 3 11311111 113 0311111 110 331110-
3310 (0) 03000631 3 3110331033] 110 0110110111 1300111101 30 110311, (111)
10013 ’110 113 113111, 110 113 mmm 30 113 11106033, 110 33 0013011 631-
1131011, 3331131. Μ1101111 60 331, 33111, 110 0613133313 3110 0111033133 11111163
1113111111 e». 11031133131011, 11013031,; 3 11103031, (3) 33111, 11311033 1131110 c».
1111011, 3031131331, 1131, 11111, 33110313. Η311000 60 1111010 30 3110113113 111011,
3 30 1133311, 1003033113, 1101110 113110 611 1001031, trro 1133011011Έο 03011111,
3 331, 31011οἵ1 0331133113 1133113111. Η333011310 60, 3330 1131101110 3113-
31133331011, 13110, 113 110 111, 331110, 110 111, 1133113030131 (11) 1130011110
6111011, 3113101110. Β1011313 311011310031,; 1003033111, 3003111111, 11001031,
0110111, 311333010010113, n 13110 01111311, aa 1113 3 aa ι10131113 113031,
6031, 11111163 11 6031, 3031113. ’1101311333 3 1110111)1 111111, 03113 ι1311113 3333
31, 1111111, naeu: 11 13110 33 10310 00111130 11111103 3001311111, 113 30111,
mamm, 11111103 ca· 3 003011130110 0311011, 113 111110 113 061, Γ1101331111 110
1131011311. ἶΤ11οτἰίἱ 3110113100113 1003033111, 03111, 31, 10013113 110 01111311,
(13110 331111 110 300111, 03111113), 110 1011110 31, 1111111, 11011311, Gyaro
myra, 01, ι1331010 31, pynax'b: 11 30 113011, 10010111, 0311313113, 110 03-
111111, urb, 113 63η 01, 03011110 033113, 3 11011031, 303133. Α 01, 111111,
31111031, 6111133111 1003033111, 113 31, 311111, 331131103313, 11111113 113 1131100111
110 311311οΤ1, 30 3001113 111010 3101)1 0131111311, (ἰ ). Η3330113110 11101)1
10113311, 33 11113111 360 Bora 113300111113011, 310 31131111, 01111010 11 1131-
1100Τί10 1333011. Β101100 31011 10113311, 31, 1110311111. Τ110110 1111111, 11
111111Υ 10113311, 31, 11111111 360 33 03011061 caym 0611011311, n 1111111311,
m, 3 30 01111311, n 30 113310331130101, 31, 10013113, 3110 0011, 3311031,
31, 0013333311, 03113 0111333111. Tm. 33113 nei». 330013, 3 3003030610,

(a) 'rano ι110 ymo sammon 651 nouam—6„ 110 01311333331, σιὼ-3,, 310113-
w‘ssn-ru ecsn mut-A.. 1001111113-οη mammona-zm, neumenia nummum.—
en meatum-n.. 110 nneaunuony, cxopouy.—i.‚ noaywn 111011κί11 apaan.

ΞΟ*

