329

’ , 666666131611. A y 11361, 116 66116161, 1311661, 6661636. Tm 616 311113

mn» 61366661 6661111161). 11666616 1136111111, 1111616111, 6 6611116111, 1661366111,
6666116661, 1161 1136666661, 1161166111, 11 γ16666163661; Aa 1161116 116

1166311611, 6666611611, 6161166 66113116 61661311, 11611, 6366661311, , 11611,

’116166- 63616“16’ 611363 63661366 6666 1311613116 6366361316.

⁷ 40. Raaflm 1131616, 6336666116 6 6611116 namu 66663311666 6661631611, Ηθ(’110106611
aa 63113 (3) 63111, 611116 1166611, 1111666316ε Η116 11611111, 66 66116611, Hpnfflffffleoe·
6666663111, , 6611116111, 33116166661161111, (6) 6666666111, 6611316, 666-

mmmmm, n ι1611611, 66666161, 1131666 1133611. Μ61 63111, 611, 13666611

1166611111 nn, 6663613661, 6 61, 6366611661, 166. 66661116 66 611, 111111,

66 611, 6116111, 66111, 6631661611 666636666661, 116 6616631636111. A

1116 666111, 611111, 66111, 1116 63616111, 6666336666111, 6611, 66611116 613-

6616611, 111, 6611166111, 6631661666111, 11631616 61, 6633111166ε 1161 1311666

6611111116 6631636111, (6). Π 6663666111, ( r): 11116 63111, 66611 11611611,

’ 51611616 oms, 1116 63111611, 6111611361, 1111611616 66166636616 (11) 11631616

n 116 63111611, 611. 6166661, 6116666111, 11611, 36316116, 6616 6666616 (6),

111111, 6661116 6663666116116 6666166666. -Α 1116 ,1666611 63166111, 6611-
6366666111, 631, flamia„ 11361161 6611, 66163 11311363 11363 663113 (111); 1161

11666111, 66661, 6636616, 6 66366 6666311616. ,6616611111 66611366666111,
666631661661, 116-11666111, 636166666661, 1136316.

’ M. Hcyc'b Χ6661661, 15611, 6 (1636611161, 1131116, 6611, penem: 8611116 ΕΤΗΡῐῑῐῑῑΙΜ mmx-
RpaneeTnm 1166 61111611, 63116 61, 66611 6366116666, 6666111616, 6 116- Ξξξὲἓζτὲἃκῃῗῇῗ
63611, 6366661661.. Ε3116 61, 6336611611, 1163666166 66111, 6361111661ιοῖ> mecm.
Λ666111, 6γ16111, e», 16 66613613611, (3). Π66666ε 3616 111, 1166111, 63-

poay 6y11yT‘b 1163, 666 166, 61111 11116616 6631131611661,; 11116 3113616 1166611

661116 66111, 66611166 61, 63166111, 63661136 6 611, 1611, 1166611116 (6) 1111-

ἱ116 rope 116 11661611, 611, 6666111611, 1166116 11366651. Β16666ε 31116 66
6666666161 616116 666 66611661 6666666611, 6666611666] 6666636131611, ( i),

11 1163611 116 6666)·»111316111 11116 36616 1111111661, y Auem, 6 y Η1111-
11666-(3666611, 13666611)1 6666666666, 6616 66116 3311661, 6661311666611;

Aa m 1163666166 cie 611 61, 611111, 116 6336166616ε 6 11611 63116 6611166-

cnoro 6366116616 116663, 66366111, 63166111, 663666666111, 11· 6611661111,
6366666611661, 66116 1111113116 6666666616 61, 16116, 6316 6116 11611666

flamia· 611, 66111113, 116 6636663666 61136111 6111611661 3 6616661, 6311111111,

(a) 131, uuu'anee weram—6.. uam·bpellubl1u1›, 11311οῆ 1666116 11611160 nptmy·
narb-n„ yuuwomaemu—r.. 1136111, 611316.--.«ι.. uro 65Aen» ynorpe6ann, ymiz—
pennoe 11 66616166661166.-6., momontum-nt„ πωπω-3., cayqaercn.—n., uecqr
crim—i„ npncnonnaton.

2⁶2

